Тиражъ.
6 проц, закладные съ выигрышами
листы Государственнаго Дворянскаго Зе-
мельнаго банка 1889 года. 51 тиражъ
1 мая 1915 г.
Выигрыши пали на слѣдующій листы:
Главнѣйшіе выигрыши:
г у І Іі
& У #2 і у 5=
2 #5 8 И* в ,
Н ***• д рУ*-
7432 43 200000 10909 14 1000
67Ю 9 75000 8661 25 1000
5184 11 40000 14716 36 1000
18124 36 25000 14363 2 1000
12 2 10000 4893 25 1000
9467 45 10000 13366 50 1000
15730 21 10000 5120 13 ЮОО
15106 16 8000 2477 12 1000
2288 42 8000 410 5 1000
781 88 8000 2161 50 1000
15842 8 8000 11951 48 1000
7130 5 8000 1858 17 1000
3551 36 5000 70В7 33 1000
18614 17 5000 1799 1 1000
14296 8 5000 3069 16 1000
10267 47 5000 5634 12 1(500
280 17 5000 4028 27 1000
8082 16 5000 6002 20 1000
ІІІ94 28 5000 12873 41 1000
2581 43 5000 8885 47 1000
По 500 рублей каждый,
ё ё ё 2
«®Я1 Я 2 Я 2
Сш Ь Р Си <3 2. с
§5 8 I § е §5
о- о. а. а. 1 | о, а.
2 * жж я я
»►. >. Р*> ►, >. >.
И Й мм мм мм
51 29 3744 14 7612 42 1 2336 48
58 43 3790 34 7563 46 12560 44
91 26 3807 42 7570 31 12549 43
93 6 3925 26 7663 11 12588 23
115 27 3958 29 7673 24 12600 10
168 43 3969 26 7773 9 12631 48
172 84 4018 46 7834 17 12633 30
202 20 4059 26 7927 46 12639 20
207 49 4189 26 7977 33 12724 1
336 42 4243 35 7980 14 12766 36
381 48 4277 2 8081 6 12826 26
404 38 4306 8 8029 41 12836 48
551 26 4318 49 8088 21 12919 4
552 1 4388 24 8145 45 12919 18
581 9 4418 29 8238 24 ‘ 12929 16
658 7 4529 43 8374 50 12964 50
717 22 4539 16 84І8 36 13046 47
813 15 4542 19 8421 48 13317 42
8р6 35 4610 7 8523 41 13327 10
861 • ГО 4634 49 8527 41 " 13437 26
918' 18 ' 4756 20 8568 46 13454 40
946 47 4775 81 8839 32 18499 40
1008 27 4893 5 8933 36 13521 85
1077 8 ' 3054 23 8958 85 13591 27
1094 28 5077 18 8970 37 13749 5
1154 26 '• 5237 4 8990 2 13845 4
1188 47 5375 Т2 9113 13 13890 5
1196 33 ' 5433 27 9286 17 13921 27
1211 14 5452 34 9478 25 13948 9
1362 32 5475 39 9614 31 14007 41
1463 15 5850 32 9638 16 14095 12
1737 36 5900 3 9&74 27 14114 11
1795 47 5989 13 9780 11 14347 14
1906 9 '• 6005 9 9868 16 14359 46
1930 4 6017 10 9879 36 14384 32
2020 34 6122 50 10036 14 14390 33
2022 6 6124 32 10084 60 14418 18
2079 27 * 6195 36 10159 4 14424 85
2119 13 6277 16 10212 8 14429 84
2242 25 6286 32 10265 36 14446 2
2316 24 6302 3 % 10295 14 14545 4
2325 11 6461 85 10807 47 14600 28
2341 36 6573 49 10395 18 14629 37
2377 29 6597 1 10457 12 14679 35
2400 7 6681 18 10473 36 14695 11
2501 26 6714 28 10554 41 14809 49
2681 31 6730 50 10577 49 14840 18
2793 29 6751 8 10667 32 14853 46
2869 27 6800 11 10833 8 15050 14
2997 49 «886 49 10852 19 15122 3
3033 20 6867 16 10901 23 15303 35
3035 13 69Т1 25 11147 43 15333 19
3035 26 7065 46 11221 19 15424 4
3046 23 7073 34 11886 27 15468 2
3094 31 7086 8 11354 50 15546 22
3143 41 7122 49 11410 19 15563 13
3358 25 7166 60 11580 15 15571 12
3391 39 7211 30 11625 16 15623 44
3404 48 7213 6 11962 32 15662 25
3498 35 7218 30 12044 б 15669 10
3540 21 7235 24 12134 24 15Ѳ78 10
3584 20 7266 12 12140 29 15757 45
3647 36 7423 17 12148 28 15929 25
3657 11 7424 50 12255 26 15969 8
3698 11 7471 28 12328 32 15981 10
Всего 300 выигрышей на сумму 600,000
рублей.
Уплата выигрышей производится исклю-
чительво въ петроградской конторѣ Госу-
дарственнаго банка; съ заявленіями же о
таковой уплатѣ, а равно о переводѣ выигры-
шей изъ петроградской конторы владѣльцы
листовъ могутъ обращаться во всякое
учрежденіе банка съ представленіемъ ли-
стовъ и суммы, необходимой на застрахо-
вана ихъ при пересылкѣ въ петроград-
скую контору. Согласно Высочайше утверж-
денному положенію о 5 процентныхъ заклад-
ныхъ съ выигрышами листахъ Государ-
ственнаго Дворянскаго Земельнаго банка,
выигрыши по листамъ будутъ выдаваться
черезъ три мѣсяца со дня тиража, т. е. съ
1 августа сего года. Въ виду же того, что
выдача выигрышей обусловлена исполне-
ніемъ нѣкоторыхъ предварительныхъ фор-
мальностей, владѣльцы листовъ, въ случаѣ
желанія получить выигрыши немедленно по
наступленіи сего срока (съ присоединеніемъ
времени, необходимаго на переводъ выигря-
шей изъ петроградской конторы'' пригла-
шаются подавать заявленія по такому
расчету времени, чтобы они могли поступить
въ петроградскую контору не позже
15 іюля с. г.
Таблица
серій 5 проц, закладныхъ съ выигрышами
листовъ Государственнаго Дворянскаго
Земельнаго банка 1889 г., вышедшихъ въ
тиражъ погашенія 1 мая 1915 г.
Нумера Серій.
(Каждая ивъ нижеслѣдующихъ серій заклю-
чаетъ въ себѣ 50 листовъ, съ И# 1 по
№ 50 включительно).
16 2073 4509 7584 10957 13829
35 2081 4552 7718 11001 13832
39 2274 4570 7727 11009 * 13886
90 2287 4615 7785 11018 13889
176 2308 4685 7822 11019 13964
179 2815 4746 7863 11195 14091
2507 4809 7871 11240 14127
230 2566 4811 7885 11321 14316
286 2674 5074 7911 11886 14344
287 2941 5089 7915 11627 14373
405 2957 5170 7982 11653 14415
411 3008 5171 8170 11662 14525
450 3045 5299 8233 11686 14555
459 3062 5302 8315 11690 14751
460 3059 5361 8338 11774 14845
549 3068 5389 8344 11814 14847
562 3120 5437 8383 11823 14925
678 3186 5439 8416 11825 14968
756 3211 5565 8597 11849 15018
812 3214 5578 8882 11953 15092
845 3836 5768 8888 11954 15104
892 3346 5796 8902 11956 15118
943 34гѲ7 5810 8913 11962 15131
1002 3498 5832 9129 12099 15196
1007 3588 5859 9226 12157 15216
1154 3589 5918 9428 12238 15221
1253 3625 6071 9445 12342 15299
1396 3698 6396 9474 12427 15350
1432 3717 8405 9478 12445 15477
1479 3777 6675 9621 12683 15566
1509 38$1 6747 9638 12648 15610
1592 3902 6776 9763 12719 15628
1598 4062 6864 9792 12782 16671
1624 4118 6991 9862 12890 16729
1634 4170 7113 9866 13003 15819
1789 4219 7207 9980 13235 15057
1763 4286 7216 10185 13303 15064
1815 4289 7221 10201 13313 15999
1854 4327 7226 10218 13395
1901 4368 7274 10359 13441
1987 4398 7822 10466 18658
2071 4485 7884 10949 18788
Всего 248 серій, составляющихъ 12,400
листовъ, на сумму 1,786,000 рублей.
Уплата капитала по вышедшимъ въ
тиражъ листамъ, по 140 р. ва листъ,
будетъ производиться съ 1-го августа 1915
года въ конторахъ и отдѣленіяхъ Го-
сударственнаго Банка, а также въ каз-
начействахъ тѣхъ городовъ, гдѣ нѣтъ уч-
режденій Банка.